0 11 0 0 0 0 0 0
1 45 -38 0 -1217340196 -1217187840 -1217187840 1
0 45 141344768 0 -1217340196 -1217187840 -1217187840 1
1 33 -38 -1217224763 0 -1217342036 -1217342060 10
0 33 -2 -1217224763 0 -1217342036 -1217342060 10
1 192 -38 0 8192 3 34 -1
0 192 -1217359872 0 8192 3 34 -1
1 33 -38 -1217219680 4 -1217219680 -1217187840 0
0 33 -2 -1217219680 4 -1217219680 -1217187840 0
1 5 -38 -1217223575 524288 0 -1217185588 1
0 5 3 -1217223575 524288 0 -1217185588 1
1 197 -38 3 -1079977536 -1217187840 -1217185588 1
0 197 0 3 -1079977536 -1217187840 -1217185588 1
1 192 -38 0 87395 1 2 3
0 192 -1217449984 0 87395 1 2 3
1 6 -38 3 87395 3 -1217449984 1
0 6 0 3 87395 3 -1217449984 1
1 33 -38 -1217224763 0 -1217187840 -1217188185 -1217187840
0 33 -2 -1217224763 0 -1217187840 -1217188185 -1217187840
1 5 -38 -1217353672 524288 0 -1079977252 0
0 5 3 -1217353672 524288 0 -1079977252 0
1 3 -38 3 -1079977248 512 -1079977252 -1079977248
0 3 512 3 -1079977248 512 -1079977252 -1079977248
1 197 -38 3 -1079977472 -1217187840 134513213 3
0 197 0 3 -1079977472 -1217187840 134513213 3
1 192 -38 0 1792540 5 2050 3
0 192 -1219244032 0 1792540 5 2050 3
1 125 -38 -1217478656 4096 0 -1079976876 -1217353640
0 125 0 -1217478656 4096 0 -1079976876 -1217353640
1 192 -38 -1217474560 12288 3 2066 3
0 192 -1217474560 -1217474560 12288 3 2066 3
1 192 -38 -1217462272 10780 3 50 -1
0 192 -1217462272 -1217462272 10780 3 50 -1
1 6 -38 3 0 -1217466840 0 -1217353640
0 6 0 3 0 -1217466840 0 -1217353640
1 192 -38 0 4096 3 34 -1
0 192 -1217196032 0 4096 3 34 -1
1 243 -38 -1079976224 1217192448 -1217193664 -1217187840 1
0 243 0 -1079976224 1217192448 -1217193664 -1217187840 1
1 125 -38 -1217474560 8192 1 -1217187840 -1217474560
0 125 0 -1217474560 8192 1 -1217187840 -1217474560
1 125 -38 134516736 4096 1 -1217187840 134516736
0 125 0 134516736 4096 1 -1217187840 134516736
1 125 -38 -1217191936 4096 1 -1217187840 -1217191936
0 125 0 -1217191936 4096 1 -1217187840 -1217191936
1 91 -38 -1217449984 87395 -1217187840 -1725533631 6752
0 91 0 -1217449984 87395 -1217187840 -1725533631 6752
1 45 -38 0 4095 -1217466368 0 135168
0 45 141344768 0 4095 -1217466368 0 135168
1 45 -38 141479936 4095 -1217466368 141344768 141479936
0 45 141479936 141479936 4095 -1217466368 141344768 141479936
1 5 -38 134514130 0 438 141344776 8
0 5 3 134514130 0 438 141344776 8
1 6 -38 3 0 0 0 0
0 6 0 3 0 0 0 0
1 5 -38 134514139 1090 438 141344776 4096
0 5 3 134514139 1090 438 141344776 4096
1 5 -38 134514146 0 438 141345128 8
0 5 4 134514146 0 438 141345128 8
1 6 -38 3 0 0 0 0
0 6 0 3 0 0 0 0
1 6 -38 4 0 0 0 0
0 6 0 4 0 0 0 0
1 10 -38 134514139 -1217463348 0 -1217466368 -1217466368
0 10 0 134514139 -1217463348 0 -1217466368 -1217466368
2 252 -38 1 -1217461800 0 1 -1217473840
